%YAML:1.0
---
camera_matrix: !!opencv-matrix
   rows: 3
   cols: 3
   dt: d
   data: [ 2911.4009058755482, 0., 1565.0712726928241, 0.,
       2814.5324571784922, 2011.8607430251145, 0., 0., 1. ]
distortion_coefficients: !!opencv-matrix
   rows: 1
   cols: 5
   dt: d
   data: [ 0.1123620293284205, -0.27046433076949389,
       -0.0059783852223143814, 0.0023273796578459419,
       0.40322065924950162 ]
